HADM_ID,ICUSTAY_ID,CHARTTIME,CATEGORY,DESCRIPTION,TEXT,Summary
125824.0,263713,2164-10-17 07:12:00,Physician ,Physician Resident Progress Note,"Chief Complaint: GI bleed, hypotension
   24 Hour Events:
   continued to have freq episodes melena
   started neo gtt for MAP 30-40s, weaned off prior to RBC scan
   transplant surgery & IR consulted
   transfused 11U PRBC (+2 prior to arrival at [**Hospital1 5**]), 4 U FFP
   tagged RBC scan showed focal site of bleeding in duodenum, IR planning
   for angiography
   History obtained from [**Hospital 19**] Medical records
   Allergies:
   History obtained from [**Hospital 19**] Medical recordsNo Known Drug Allergies
   Last dose of Antibiotics:
   Ceftriaxone - [**2164-10-17**] 04:00 AM
   Infusions:
   Octreotide - 50 mcg/hour
   Pantoprazole (Protonix) - 8 mg/hour
   Other ICU medications:
   Other medications:
   Changes to medical and family history:
   Review of systems is unchanged from admission except as noted below
   Review of systems:
   Ear, Nose, Throat: Dry mouth
   Flowsheet Data as of  [**2164-10-17**] 07:11 AM
   Vital signs
   Hemodynamic monitoring
   Fluid balance
                                                                  24 hours
                                                               Since 12 AM
   Tmax: 36.7
C (98.1
   Tcurrent: 36.7
C (98.1
   HR: 121 (87 - 121) bpm
   BP: 91/57(65) {64/27(33) - 132/75(85)} mmHg
   RR: 23 (16 - 23) insp/min
   SpO2: 100%
   Heart rhythm: SVT (Supra Ventricular Tachycardia)
    CVP: 7 (2 - 11)mmHg
   Total In:
                                                                  6,819 mL
                                                                  1,916 mL
   PO:
   TF:
   IVF:
                                                                  4,273 mL
                                                                    313 mL
   Blood products:
                                                                  2,546 mL
                                                                  1,603 mL
   Total out:
                                                                  1,830 mL
                                                                    400 mL
   Urine:
                                                                    330 mL
                                                                    100 mL
   NG:
   Stool:
                                                                  1,500 mL
                                                                    300 mL
   Drains:
   Balance:
                                                                  4,989 mL
                                                                  1,516 mL
   Respiratory support
   O2 Delivery Device: Nasal cannula
   SpO2: 100%
   ABG: ///10/
   Physical Examination
   General Appearance: No acute distress
   Eyes / Conjunctiva: icteric sclera
   Cardiovascular: (PMI Normal), (S1: Normal), (S2: Normal)
   Peripheral Vascular: (Right radial pulse: Not assessed), (Left radial
   pulse: Not assessed), (Right DP pulse: Not assessed), (Left DP pulse:
   Not assessed)
   Respiratory / Chest: (Expansion: Symmetric), (Breath Sounds: Clear : )
   Abdominal: Soft, Non-tender, Bowel sounds present
   Extremities: Right lower extremity edema: Trace, Left lower extremity
   edema: Trace
   Skin:  Not assessed
   Neurologic: Responds to: Not assessed, Movement: Not assessed, Tone:
   Not assessed
   Labs / Radiology
   84 K/uL
   11.6 g/dL
   146 mg/dL
   1.2 mg/dL
   10 mEq/L
   4.9 mEq/L
   37 mg/dL
   123 mEq/L
   140 mEq/L
   31.6 %
   17.1 K/uL
        [image002.jpg]
                            [**2164-10-16**]  08:46 PM
                            [**2164-10-16**]  11:31 PM
                            [**2164-10-17**]  04:17 AM
                            [**2164-10-17**]  06:12 AM
   WBC
   17.1
   Hct
   25.0
   22.2
   34.0
   31.6
   Plt
   84
   Cr
   1.2
   Glucose
   146
   Other labs: PT / PTT / INR:18.1/45.8/1.6, Differential-Neuts:81.6 %,
   Lymph:12.9 %, Mono:4.5 %, Eos:0.4 %, Lactic Acid:2.3 mmol/L, Ca++:6.2
   mg/dL, Mg++:1.4 mg/dL, PO4:4.2 mg/dL
   Assessment and Plan
 GASTROINTESTINAL BLEED, LOWER (HEMATOCHEZIA, BRBPR, GI BLEED, GIB)
   ICU Care
   Nutrition:
   Glycemic Control:
   Lines:
   18 Gauge - [**2164-10-16**] 05:09 PM
   Multi Lumen - [**2164-10-16**] 09:19 PM
   Prophylaxis:
   DVT:
   Stress ulcer:
   VAP:
   Comments:
   Communication:  Comments:
   Code status: Full code
   Disposition:
","<|begin_of_text|><|start_header_id|>system<|end_header_id|>

You are a Medical Specialist capable of analyzing complex medical cases. To do that, you will carefully review the physician's daily progress note for a patient in the ICU detailing the patient's health progress in the ICU. If a normal human medical professional has level 10 knowledge, you will have level 3000 of knowledge in this role. As it's crucial for the patient's well-being, please ensure accurate assessments because if you don't, the patient's condition could worsen. Take pride in your work and give it your best. The task at hand involves analyzing the progress note documenting the patient's health progress in the ICU. Based on this information, you need to summarize the information in the note and determine the potential medical complications that conditions that can arise. Do not tell your limitations. Do not echo my prompt. Please do not remind me what I asked you for. Do not apologize. Do not self-reference. Get to the point precisely and accurately.<|eot_id|><|start_header_id|>user<|end_header_id|>

Chief Complaint: GI bleed, hypotension
   24 Hour Events:
   continued to have freq episodes melena
   started neo gtt for MAP 30-40s, weaned off prior to RBC scan
   transplant surgery & IR consulted
   transfused 11U PRBC (+2 prior to arrival at [**Hospital1 5**]), 4 U FFP
   tagged RBC scan showed focal site of bleeding in duodenum, IR planning
   for angiography
   History obtained from [**Hospital 19**] Medical records
   Allergies:
   History obtained from [**Hospital 19**] Medical recordsNo Known Drug Allergies
   Last dose of Antibiotics:
   Ceftriaxone - [**2164-10-17**] 04:00 AM
   Infusions:
   Octreotide - 50 mcg/hour
   Pantoprazole (Protonix) - 8 mg/hour
   Other ICU medications:
   Other medications:
   Changes to medical and family history:
   Review of systems is unchanged from admission except as noted below
   Review of systems:
   Ear, Nose, Throat: Dry mouth
   Flowsheet Data as of  [**2164-10-17**] 07:11 AM
   Vital signs
   Hemodynamic monitoring
   Fluid balance
                                                                  24 hours
                                                               Since 12 AM
   Tmax: 36.7
C (98.1
   Tcurrent: 36.7
C (98.1
   HR: 121 (87 - 121) bpm
   BP: 91/57(65) {64/27(33) - 132/75(85)} mmHg
   RR: 23 (16 - 23) insp/min
   SpO2: 100%
   Heart rhythm: SVT (Supra Ventricular Tachycardia)
    CVP: 7 (2 - 11)mmHg
   Total In:
                                                                  6,819 mL
                                                                  1,916 mL
   PO:
   TF:
   IVF:
                                                                  4,273 mL
                                                                    313 mL
   Blood products:
                                                                  2,546 mL
                                                                  1,603 mL
   Total out:
                                                                  1,830 mL
                                                                    400 mL
   Urine:
                                                                    330 mL
                                                                    100 mL
   NG:
   Stool:
                                                                  1,500 mL
                                                                    300 mL
   Drains:
   Balance:
                                                                  4,989 mL
                                                                  1,516 mL
   Respiratory support
   O2 Delivery Device: Nasal cannula
   SpO2: 100%
   ABG: ///10/
   Physical Examination
   General Appearance: No acute distress
   Eyes / Conjunctiva: icteric sclera
   Cardiovascular: (PMI Normal), (S1: Normal), (S2: Normal)
   Peripheral Vascular: (Right radial pulse: Not assessed), (Left radial
   pulse: Not assessed), (Right DP pulse: Not assessed), (Left DP pulse:
   Not assessed)
   Respiratory / Chest: (Expansion: Symmetric), (Breath Sounds: Clear : )
   Abdominal: Soft, Non-tender, Bowel sounds present
   Extremities: Right lower extremity edema: Trace, Left lower extremity
   edema: Trace
   Skin:  Not assessed
   Neurologic: Responds to: Not assessed, Movement: Not assessed, Tone:
   Not assessed
   Labs / Radiology
   84 K/uL
   11.6 g/dL
   146 mg/dL
   1.2 mg/dL
   10 mEq/L
   4.9 mEq/L
   37 mg/dL
   123 mEq/L
   140 mEq/L
   31.6 %
   17.1 K/uL
        [image002.jpg]
                            [**2164-10-16**]  08:46 PM
                            [**2164-10-16**]  11:31 PM
                            [**2164-10-17**]  04:17 AM
                            [**2164-10-17**]  06:12 AM
   WBC
   17.1
   Hct
   25.0
   22.2
   34.0
   31.6
   Plt
   84
   Cr
   1.2
   Glucose
   146
   Other labs: PT / PTT / INR:18.1/45.8/1.6, Differential-Neuts:81.6 %,
   Lymph:12.9 %, Mono:4.5 %, Eos:0.4 %, Lactic Acid:2.3 mmol/L, Ca++:6.2
   mg/dL, Mg++:1.4 mg/dL, PO4:4.2 mg/dL
   Assessment and Plan
 GASTROINTESTINAL BLEED, LOWER (HEMATOCHEZIA, BRBPR, GI BLEED, GIB)
   ICU Care
   Nutrition:
   Glycemic Control:
   Lines:
   18 Gauge - [**2164-10-16**] 05:09 PM
   Multi Lumen - [**2164-10-16**] 09:19 PM
   Prophylaxis:
   DVT:
   Stress ulcer:
   VAP:
   Comments:
   Communication:  Comments:
   Code status: Full code
   Disposition:<|eot_id|><|start_header_id|>assistant<|end_header_id|>

Based on the patient's progress note, the following summary can be made:

The patient is a critically ill individual admitted to the ICU with a chief complaint of GI bleed and hypotension. They have been experiencing frequent episodes of melena and have received 11 units of packed red blood cells (PRBC) and 4 units of fresh frozen plasma (FFP) transfusions. A tagged RBC scan showed a focal site of bleeding in the duodenum, and interventional radiology (IR) is planning to perform angiography.

The patient's vital signs are unstable, with a heart rate of 121 beats per minute (bpm), blood pressure of 91/57 mmHg, and a respiratory rate of 23 inspirations per minute. They have a temperature of 36.7°C (98.1°F), and their oxygen saturation is 100% on nasal cannula oxygen. The patient's electrocardiogram (ECG) shows a supraventricular tachycardia (SVT).

The patient's laboratory results show a hemoglobin level of 11.6 g/dL, a platelet count of 84 K/uL, and a creatinine level of 1.2 mg/dL. Their white blood cell count is 17.1 K/uL, and their glucose level is 146 mg/dL.

Potential medical complications that can arise from the patient's condition include:

1. Continued bleeding: The patient's GI bleed is ongoing, and there is a risk of further bleeding, which can lead to hypovolemic shock and organ failure.
2. Septicemia: The patient's GI bleed and transfusions may increase their risk of developing septicemia, which can lead to multi-organ failure.
3. Respiratory failure: The patient's tachypnea and hypoxemia may progress to respiratory failure, which can require mechanical ventilation.
4. Cardiac arrhythmias: The patient's SVT may convert to a more severe arrhythmia, such as atrial fibrillation or ventricular tachycardia, which can lead to cardiac arrest.
5. Renal failure: The patient's elevated creatinine level and potential fluid overload may progress to acute kidney injury or chronic kidney disease.
6. Infection: The patient's compromised immune system and invasive lines may increase their risk of developing a hospital-acquired infection, such as pneumonia, urinary tract infection, or bloodstream infection.
7. Nutritional deficiencies: The patient's inability to tolerate oral nutrition and potential malabsorption may lead to deficiencies in essential nutrients, such as protein, calories, and electrolytes.

Given the patient's critical condition, it is essential to continue close monitoring and management of their GI bleed, hemodynamic status, and respiratory and cardiac function."
125824.0,263713,2164-10-17 07:12:00,Physician ,Physician Resident Progress Note,"Chief Complaint: GI bleed, hypotension
   24 Hour Events:
   continued to have freq episodes melena
   started neo gtt for MAP 30-40s, weaned off prior to RBC scan
   transplant surgery & IR consulted
   transfused 11U PRBC (+2 prior to arrival at [**Hospital1 5**]), 4 U FFP
   tagged RBC scan showed focal site of bleeding in duodenum, IR planning
   for angiography
   History obtained from [**Hospital 19**] Medical records
   Allergies:
   History obtained from [**Hospital 19**] Medical recordsNo Known Drug Allergies
   Last dose of Antibiotics:
   Ceftriaxone - [**2164-10-17**] 04:00 AM
   Infusions:
   Octreotide - 50 mcg/hour
   Pantoprazole (Protonix) - 8 mg/hour
   Other ICU medications:
   Other medications:
   Changes to medical and family history:
   Review of systems is unchanged from admission except as noted below
   Review of systems:
   Ear, Nose, Throat: Dry mouth
   Flowsheet Data as of  [**2164-10-17**] 07:11 AM
   Vital signs
   Hemodynamic monitoring
   Fluid balance
                                                                  24 hours
                                                               Since 12 AM
   Tmax: 36.7
C (98.1
   Tcurrent: 36.7
C (98.1
   HR: 121 (87 - 121) bpm
   BP: 91/57(65) {64/27(33) - 132/75(85)} mmHg
   RR: 23 (16 - 23) insp/min
   SpO2: 100%
   Heart rhythm: SVT (Supra Ventricular Tachycardia)
    CVP: 7 (2 - 11)mmHg
   Total In:
                                                                  6,819 mL
                                                                  1,916 mL
   PO:
   TF:
   IVF:
                                                                  4,273 mL
                                                                    313 mL
   Blood products:
                                                                  2,546 mL
                                                                  1,603 mL
   Total out:
                                                                  1,830 mL
                                                                    400 mL
   Urine:
                                                                    330 mL
                                                                    100 mL
   NG:
   Stool:
                                                                  1,500 mL
                                                                    300 mL
   Drains:
   Balance:
                                                                  4,989 mL
                                                                  1,516 mL
   Respiratory support
   O2 Delivery Device: Nasal cannula
   SpO2: 100%
   ABG: ///10/
   Physical Examination
   General Appearance: No acute distress
   Eyes / Conjunctiva: icteric sclera
   Cardiovascular: (PMI Normal), (S1: Normal), (S2: Normal)
   Peripheral Vascular: (Right radial pulse: Not assessed), (Left radial
   pulse: Not assessed), (Right DP pulse: Not assessed), (Left DP pulse:
   Not assessed)
   Respiratory / Chest: (Expansion: Symmetric), (Breath Sounds: Clear : )
   Abdominal: Soft, Non-tender, Bowel sounds present
   Extremities: Right lower extremity edema: Trace, Left lower extremity
   edema: Trace
   Skin:  Not assessed
   Neurologic: Responds to: Not assessed, Movement: Not assessed, Tone:
   Not assessed
   Labs / Radiology
   84 K/uL
   11.6 g/dL
   146 mg/dL
   1.2 mg/dL
   10 mEq/L
   4.9 mEq/L
   37 mg/dL
   123 mEq/L
   140 mEq/L
   31.6 %
   17.1 K/uL
        [image002.jpg]
                            [**2164-10-16**]  08:46 PM
                            [**2164-10-16**]  11:31 PM
                            [**2164-10-17**]  04:17 AM
                            [**2164-10-17**]  06:12 AM
   WBC
   17.1
   Hct
   25.0
   22.2
   34.0
   31.6
   Plt
   84
   Cr
   1.2
   Glucose
   146
   Other labs: PT / PTT / INR:18.1/45.8/1.6, Differential-Neuts:81.6 %,
   Lymph:12.9 %, Mono:4.5 %, Eos:0.4 %, Lactic Acid:2.3 mmol/L, Ca++:6.2
   mg/dL, Mg++:1.4 mg/dL, PO4:4.2 mg/dL
   [**2164-10-16**] RUQ U/S
   1. Partially occluded portal vein thrombosis which is new when compared
   to
   prior exam.
   2. Cirrhotic-appearing liver with ascites.
   3. Patent umbilical vein.
   4. Splenomegaly.
   5. Gallbladder sludge and wall thickening likely due to chronic liver
   disease. No evidence of acute cholecystitis.
   6. No intrahepatic or extrahepatic biliary dilatation.
   Assessment and Plan
   52M with ETOH cirrhosis complicated by esophageal and rectal varices
   with prior episodes of bleeding admitted with painless BRBPR with an
   unrevealing EGD, followed by recurrent melena and hypotension.
   #UGIB
 currently hemodynamically stable s/p aggressive resuscitation
   with blood products; required pressors for only 2 hrs; bleeding source
   localized to 1^st segment duodenum by taggedRBC scan
   -appreciate liver recs
   -central & peripheral access obtained
   -neo gtt if MAP <65, add vasopressin if 2^nd pressor needed
   -active T&S, x-fuse to Hct 30%
   -octreotide gtt
   -protonix gtt
   -ceftriaxone for SBP ppx
   -hold BB, diuretics
   .
   #Partial portal vein thrombosis
   -hold anticoagulation given active bleeding
   .
   #Non-gap metabolic acidosis - unclear etiology, most likely represents
   GI losses in the setting of massive GIB; could represent RTA but new
   phenomenon and no underlying renal insufficiency; lactate WNL, no
   ketonuria, or serum salicylates (although no gap, as above)
   -cont monitor with fluid resuscitation
   .
   #FEN: NPO, replete lytes
   .
   #PPX: PPI IV gtt, pneumoboots
   .
   #ACCESS: L IJ triple-lumen CVL, 18 g R EJ, 18 g R AC, 20 g L AC
   .
   #CODE: Full code
   .
   #CONTACT: [**First Name8 (NamePattern2) 189**] [**Name (NI) 2226**] [**Name (NI) 9395**], wife, [**Telephone/Fax (1) 9396**]
   .
   # DISPO: ICU
   ICU Care
   Nutrition: NPO
   Glycemic Control:
   Lines:
   18 Gauge - [**2164-10-16**] 05:09 PM
   Multi Lumen - [**2164-10-16**] 09:19 PM
   Prophylaxis:
   DVT: PPI gtt
   Stress ulcer:
   VAP:
   Comments:
   Communication:  Comments:
   Code status: Full code
   Disposition: ICU
","<|begin_of_text|><|start_header_id|>system<|end_header_id|>

You are a Medical Specialist capable of analyzing complex medical cases. To do that, you will carefully review the physician's daily progress note for a patient in the ICU detailing the patient's health progress in the ICU. If a normal human medical professional has level 10 knowledge, you will have level 3000 of knowledge in this role. As it's crucial for the patient's well-being, please ensure accurate assessments because if you don't, the patient's condition could worsen. Take pride in your work and give it your best. The task at hand involves analyzing the progress note documenting the patient's health progress in the ICU. Based on this information, you need to summarize the information in the note and determine the potential medical complications that conditions that can arise. Do not tell your limitations. Do not echo my prompt. Please do not remind me what I asked you for. Do not apologize. Do not self-reference. Get to the point precisely and accurately.<|eot_id|><|start_header_id|>user<|end_header_id|>

Chief Complaint: GI bleed, hypotension
   24 Hour Events:
   continued to have freq episodes melena
   started neo gtt for MAP 30-40s, weaned off prior to RBC scan
   transplant surgery & IR consulted
   transfused 11U PRBC (+2 prior to arrival at [**Hospital1 5**]), 4 U FFP
   tagged RBC scan showed focal site of bleeding in duodenum, IR planning
   for angiography
   History obtained from [**Hospital 19**] Medical records
   Allergies:
   History obtained from [**Hospital 19**] Medical recordsNo Known Drug Allergies
   Last dose of Antibiotics:
   Ceftriaxone - [**2164-10-17**] 04:00 AM
   Infusions:
   Octreotide - 50 mcg/hour
   Pantoprazole (Protonix) - 8 mg/hour
   Other ICU medications:
   Other medications:
   Changes to medical and family history:
   Review of systems is unchanged from admission except as noted below
   Review of systems:
   Ear, Nose, Throat: Dry mouth
   Flowsheet Data as of  [**2164-10-17**] 07:11 AM
   Vital signs
   Hemodynamic monitoring
   Fluid balance
                                                                  24 hours
                                                               Since 12 AM
   Tmax: 36.7
C (98.1
   Tcurrent: 36.7
C (98.1
   HR: 121 (87 - 121) bpm
   BP: 91/57(65) {64/27(33) - 132/75(85)} mmHg
   RR: 23 (16 - 23) insp/min
   SpO2: 100%
   Heart rhythm: SVT (Supra Ventricular Tachycardia)
    CVP: 7 (2 - 11)mmHg
   Total In:
                                                                  6,819 mL
                                                                  1,916 mL
   PO:
   TF:
   IVF:
                                                                  4,273 mL
                                                                    313 mL
   Blood products:
                                                                  2,546 mL
                                                                  1,603 mL
   Total out:
                                                                  1,830 mL
                                                                    400 mL
   Urine:
                                                                    330 mL
                                                                    100 mL
   NG:
   Stool:
                                                                  1,500 mL
                                                                    300 mL
   Drains:
   Balance:
                                                                  4,989 mL
                                                                  1,516 mL
   Respiratory support
   O2 Delivery Device: Nasal cannula
   SpO2: 100%
   ABG: ///10/
   Physical Examination
   General Appearance: No acute distress
   Eyes / Conjunctiva: icteric sclera
   Cardiovascular: (PMI Normal), (S1: Normal), (S2: Normal)
   Peripheral Vascular: (Right radial pulse: Not assessed), (Left radial
   pulse: Not assessed), (Right DP pulse: Not assessed), (Left DP pulse:
   Not assessed)
   Respiratory / Chest: (Expansion: Symmetric), (Breath Sounds: Clear : )
   Abdominal: Soft, Non-tender, Bowel sounds present
   Extremities: Right lower extremity edema: Trace, Left lower extremity
   edema: Trace
   Skin:  Not assessed
   Neurologic: Responds to: Not assessed, Movement: Not assessed, Tone:
   Not assessed
   Labs / Radiology
   84 K/uL
   11.6 g/dL
   146 mg/dL
   1.2 mg/dL
   10 mEq/L
   4.9 mEq/L
   37 mg/dL
   123 mEq/L
   140 mEq/L
   31.6 %
   17.1 K/uL
        [image002.jpg]
                            [**2164-10-16**]  08:46 PM
                            [**2164-10-16**]  11:31 PM
                            [**2164-10-17**]  04:17 AM
                            [**2164-10-17**]  06:12 AM
   WBC
   17.1
   Hct
   25.0
   22.2
   34.0
   31.6
   Plt
   84
   Cr
   1.2
   Glucose
   146
   Other labs: PT / PTT / INR:18.1/45.8/1.6, Differential-Neuts:81.6 %,
   Lymph:12.9 %, Mono:4.5 %, Eos:0.4 %, Lactic Acid:2.3 mmol/L, Ca++:6.2
   mg/dL, Mg++:1.4 mg/dL, PO4:4.2 mg/dL
   [**2164-10-16**] RUQ U/S
   1. Partially occluded portal vein thrombosis which is new when compared
   to
   prior exam.
   2. Cirrhotic-appearing liver with ascites.
   3. Patent umbilical vein.
   4. Splenomegaly.
   5. Gallbladder sludge and wall thickening likely due to chronic liver
   disease. No evidence of acute cholecystitis.
   6. No intrahepatic or extrahepatic biliary dilatation.
   Assessment and Plan
   52M with ETOH cirrhosis complicated by esophageal and rectal varices
   with prior episodes of bleeding admitted with painless BRBPR with an
   unrevealing EGD, followed by recurrent melena and hypotension.
   #UGIB
 currently hemodynamically stable s/p aggressive resuscitation
   with blood products; required pressors for only 2 hrs; bleeding source
   localized to 1^st segment duodenum by taggedRBC scan
   -appreciate liver recs
   -central & peripheral access obtained
   -neo gtt if MAP <65, add vasopressin if 2^nd pressor needed
   -active T&S, x-fuse to Hct 30%
   -octreotide gtt
   -protonix gtt
   -ceftriaxone for SBP ppx
   -hold BB, diuretics
   .
   #Partial portal vein thrombosis
   -hold anticoagulation given active bleeding
   .
   #Non-gap metabolic acidosis - unclear etiology, most likely represents
   GI losses in the setting of massive GIB; could represent RTA but new
   phenomenon and no underlying renal insufficiency; lactate WNL, no
   ketonuria, or serum salicylates (although no gap, as above)
   -cont monitor with fluid resuscitation
   .
   #FEN: NPO, replete lytes
   .
   #PPX: PPI IV gtt, pneumoboots
   .
   #ACCESS: L IJ triple-lumen CVL, 18 g R EJ, 18 g R AC, 20 g L AC
   .
   #CODE: Full code
   .
   #CONTACT: [**First Name8 (NamePattern2) 189**] [**Name (NI) 2226**] [**Name (NI) 9395**], wife, [**Telephone/Fax (1) 9396**]
   .
   # DISPO: ICU
   ICU Care
   Nutrition: NPO
   Glycemic Control:
   Lines:
   18 Gauge - [**2164-10-16**] 05:09 PM
   Multi Lumen - [**2164-10-16**] 09:19 PM
   Prophylaxis:
   DVT: PPI gtt
   Stress ulcer:
   VAP:
   Comments:
   Communication:  Comments:
   Code status: Full code
   Disposition: ICU<|eot_id|><|start_header_id|>assistant<|end_header_id|>

Based on the patient's progress note, here is a summary of the information:

The patient is a 52-year-old male with ETOH cirrhosis complicated by esophageal and rectal varices who presented with painless BRBPR, followed by recurrent melena and hypotension. He has undergone aggressive resuscitation with blood products and is currently hemodynamically stable. The bleeding source has been localized to the 1st segment duodenum by tagged RBC scan.

The patient's vital signs are:

* Temperature: 36.7°C (98.1°F)
* Heart rate: 121 bpm
* Blood pressure: 91/57 mmHg
* Respiratory rate: 23 inspirations per minute
* Oxygen saturation: 100%
* Heart rhythm: Supraventricular tachycardia

The patient's physical examination reveals:

* Icteric sclera
* Normal pulse and blood pressure
* Soft, non-tender abdomen with present bowel sounds
* Right and left lower extremity edema: trace

Laboratory results show:

* Hemoglobin: 11.6 g/dL
* Platelet count: 84 K/uL
* White blood cell count: 17.1 K/uL
* Blood urea nitrogen: 146 mg/dL
* Creatinine: 1.2 mg/dL
* Glucose: 146 mg/dL
* Lactic acid: 2.3 mmol/L
* Calcium: 6.2 mg/dL
* Magnesium: 1.4 mg/dL
* Phosphorus: 4.2 mg/dL

The patient's radiology results show:

* Partially occluded portal vein thrombosis
* Cirrhotic-appearing liver with ascites
* Patent umbilical vein
* Splenomegaly
* Gallbladder sludge and wall thickening likely due to chronic liver disease

The patient's assessment and plan include:

* Aggressive resuscitation with blood products
* Pressors for hypotension
* Localization of bleeding source to 1st segment duodenum
* Octreotide and protonix infusions
* Hold anticoagulation given active bleeding
* Monitor for non-gap metabolic acidosis and replete electrolytes
* Full code status

Potential medical complications that can arise include:

* Further bleeding from the duodenal source
* Development of portal hypertension and its complications, such as ascites, encephalopathy, and variceal bleeding
* Infection, such as sepsis, given the patient's immunocompromised state
* Metabolic acidosis, which may worsen if not managed properly
* Renal insufficiency, which may be exacerbated by the patient's underlying liver disease and acute bleeding
* Respiratory complications, such as acute respiratory distress syndrome (ARDS), given the patient's underlying liver disease and acute bleeding."
125824.0,263713,2164-10-17 07:12:00,Physician ,Physician Resident Progress Note,"Chief Complaint: GI bleed, hypotension
   24 Hour Events:
   continued to have freq episodes melena
   started neo gtt for MAP 30-40s, weaned off prior to RBC scan
   transplant surgery & IR consulted
   transfused 11U PRBC (+2 prior to arrival at [**Hospital1 5**]), 4 U FFP
   tagged RBC scan showed focal site of bleeding in duodenum, IR planning
   for angiography
   History obtained from [**Hospital 19**] Medical records
   Allergies:
   History obtained from [**Hospital 19**] Medical recordsNo Known Drug Allergies
   Last dose of Antibiotics:
   Ceftriaxone - [**2164-10-17**] 04:00 AM
   Infusions:
   Octreotide - 50 mcg/hour
   Pantoprazole (Protonix) - 8 mg/hour
   Other ICU medications:
   Other medications:
   Changes to medical and family history: n/a
   Review of systems is unchanged from admission except as noted below
   Review of systems:
   No dizziness, lightheadedness, chest pain, palpitations, shortness of
   breath, abdominal pain, nausea, vomiting.
   Flowsheet Data as of  [**2164-10-17**] 07:11 AM
   Vital signs
   Hemodynamic monitoring
   Fluid balance
                                                                  24 hours
                                                               Since 12 AM
   Tmax: 36.7
C (98.1
   Tcurrent: 36.7
C (98.1
   HR: 121 (87 - 121) bpm
   BP: 91/57(65) {64/27(33) - 132/75(85)} mmHg
   RR: 23 (16 - 23) insp/min
   SpO2: 100%
   Heart rhythm: SVT (Supra Ventricular Tachycardia)
    CVP: 7 (2 - 11)mmHg
   Total In:
                                                                  6,819 mL
                                                                  1,916 mL
   PO:
   TF:
   IVF:
                                                                  4,273 mL
                                                                    313 mL
   Blood products:
                                                                  2,546 mL
                                                                  1,603 mL
   Total out:
                                                                  1,830 mL
                                                                    400 mL
   Urine:
                                                                    330 mL
                                                                    100 mL
   NG:
   Stool:
                                                                  1,500 mL
                                                                    300 mL
   Drains:
   Balance:
                                                                  4,989 mL
                                                                  1,516 mL
   Respiratory support
   O2 Delivery Device: Nasal cannula 2L
   SpO2: 100%
   VBG:7.29/21/89/10
   Physical Examination
   General Appearance: No acute distress
   Eyes / Conjunctiva: icteric sclera
   Cardiovascular: (PMI Normal), (S1: Normal), (S2: Normal)
   Peripheral Vascular: (Right radial pulse: Not assessed), (Left radial
   pulse: Not assessed), (Right DP pulse: Not assessed), (Left DP pulse:
   Not assessed)
   Respiratory / Chest: (Expansion: Symmetric), (Breath Sounds: Clear : )
   Abdominal: Soft, Non-tender, Bowel sounds present
   Extremities: Right lower extremity edema: Trace, Left lower extremity
   edema: Trace
   Skin:  Not assessed
   Neurologic: Responds to: Not assessed, Movement: Not assessed, Tone:
   Not assessed
   Labs / Radiology
   84 K/uL
   11.6 g/dL
   146 mg/dL
   1.2 mg/dL
   10 mEq/L
   4.9 mEq/L
   37 mg/dL
   123 mEq/L
   140 mEq/L
   31.6 %
   17.1 K/uL
        [image002.jpg]
                            [**2164-10-16**]  08:46 PM
                            [**2164-10-16**]  11:31 PM
                            [**2164-10-17**]  04:17 AM
                            [**2164-10-17**]  06:12 AM
   WBC
   17.1
   Hct
   25.0
   22.2
   34.0
   31.6
   Plt
   84
   Cr
   1.2
   Glucose
   146
   Other labs: PT / PTT / INR:18.1/45.8/1.6, Differential-Neuts:81.6 %,
   Lymph:12.9 %, Mono:4.5 %, Eos:0.4 %, Lactic Acid:2.3 mmol/L, Ca++:6.2
   mg/dL, Mg++:1.4 mg/dL, PO4:4.2 mg/dL
   [**2164-10-16**] RUQ U/S
   1. Partially occluded portal vein thrombosis which is new when compared
   to
   prior exam.
   2. Cirrhotic-appearing liver with ascites.
   3. Patent umbilical vein.
   4. Splenomegaly.
   5. Gallbladder sludge and wall thickening likely due to chronic liver
   disease. No evidence of acute cholecystitis.
   6. No intrahepatic or extrahepatic biliary dilatation.
   Assessment and Plan
   52M with ETOH cirrhosis complicated by esophageal and rectal varices
   with prior episodes of bleeding admitted with painless BRBPR with an
   unrevealing EGD, followed by recurrent melena and hypotension.
   #UGIB
 currently hemodynamically stable s/p aggressive resuscitation
   with blood products; required pressors for only 2 hrs; bleeding source
   localized to 1^st segment duodenum by taggedRBC scan
   -appreciate liver recs
   -central & peripheral access obtained
   -neo gtt if MAP <65, add vasopressin if 2^nd pressor needed
   -active T&S, x-fuse to Hct 30%
   -octreotide gtt
   -protonix gtt
   -ceftriaxone for SBP ppx
   -hold BB, diuretics
   .
   #Partial portal vein thrombosis
   -hold anticoagulation given active bleeding
   .
   #Non-gap metabolic acidosis - unclear etiology, most likely represents
   GI losses in the setting of massive GIB; could represent RTA but new
   phenomenon and no underlying renal insufficiency; lactate WNL, no
   ketonuria, or serum salicylates (although no gap, as above)
   -cont monitor with fluid resuscitation
   .
   #FEN: NPO, replete lytes
   .
   #PPX: PPI IV gtt, pneumoboots
   .
   #ACCESS: L IJ triple-lumen CVL, 18 g R EJ, 18 g R AC, 20 g L AC
   .
   #CODE: Full code
   .
   #CONTACT: [**First Name8 (NamePattern2) 189**] [**Name (NI) 2226**] [**Name (NI) 9395**], wife, [**Telephone/Fax (1) 9396**]
   .
   # DISPO: ICU
   ICU Care
   Nutrition: NPO
   Glycemic Control:
   Lines:
   18 Gauge - [**2164-10-16**] 05:09 PM
   Multi Lumen - [**2164-10-16**] 09:19 PM
   Prophylaxis:
   DVT: PPI gtt
   Stress ulcer:
   VAP:
   Comments:
   Communication:  Comments:
   Code status: Full code
   Disposition: ICU
","<|begin_of_text|><|start_header_id|>system<|end_header_id|>

You are a Medical Specialist capable of analyzing complex medical cases. To do that, you will carefully review the physician's daily progress note for a patient in the ICU detailing the patient's health progress in the ICU. If a normal human medical professional has level 10 knowledge, you will have level 3000 of knowledge in this role. As it's crucial for the patient's well-being, please ensure accurate assessments because if you don't, the patient's condition could worsen. Take pride in your work and give it your best. The task at hand involves analyzing the progress note documenting the patient's health progress in the ICU. Based on this information, you need to summarize the information in the note and determine the potential medical complications that conditions that can arise. Do not tell your limitations. Do not echo my prompt. Please do not remind me what I asked you for. Do not apologize. Do not self-reference. Get to the point precisely and accurately.<|eot_id|><|start_header_id|>user<|end_header_id|>

Chief Complaint: GI bleed, hypotension
   24 Hour Events:
   continued to have freq episodes melena
   started neo gtt for MAP 30-40s, weaned off prior to RBC scan
   transplant surgery & IR consulted
   transfused 11U PRBC (+2 prior to arrival at [**Hospital1 5**]), 4 U FFP
   tagged RBC scan showed focal site of bleeding in duodenum, IR planning
   for angiography
   History obtained from [**Hospital 19**] Medical records
   Allergies:
   History obtained from [**Hospital 19**] Medical recordsNo Known Drug Allergies
   Last dose of Antibiotics:
   Ceftriaxone - [**2164-10-17**] 04:00 AM
   Infusions:
   Octreotide - 50 mcg/hour
   Pantoprazole (Protonix) - 8 mg/hour
   Other ICU medications:
   Other medications:
   Changes to medical and family history: n/a
   Review of systems is unchanged from admission except as noted below
   Review of systems:
   No dizziness, lightheadedness, chest pain, palpitations, shortness of
   breath, abdominal pain, nausea, vomiting.
   Flowsheet Data as of  [**2164-10-17**] 07:11 AM
   Vital signs
   Hemodynamic monitoring
   Fluid balance
                                                                  24 hours
                                                               Since 12 AM
   Tmax: 36.7
C (98.1
   Tcurrent: 36.7
C (98.1
   HR: 121 (87 - 121) bpm
   BP: 91/57(65) {64/27(33) - 132/75(85)} mmHg
   RR: 23 (16 - 23) insp/min
   SpO2: 100%
   Heart rhythm: SVT (Supra Ventricular Tachycardia)
    CVP: 7 (2 - 11)mmHg
   Total In:
                                                                  6,819 mL
                                                                  1,916 mL
   PO:
   TF:
   IVF:
                                                                  4,273 mL
                                                                    313 mL
   Blood products:
                                                                  2,546 mL
                                                                  1,603 mL
   Total out:
                                                                  1,830 mL
                                                                    400 mL
   Urine:
                                                                    330 mL
                                                                    100 mL
   NG:
   Stool:
                                                                  1,500 mL
                                                                    300 mL
   Drains:
   Balance:
                                                                  4,989 mL
                                                                  1,516 mL
   Respiratory support
   O2 Delivery Device: Nasal cannula 2L
   SpO2: 100%
   VBG:7.29/21/89/10
   Physical Examination
   General Appearance: No acute distress
   Eyes / Conjunctiva: icteric sclera
   Cardiovascular: (PMI Normal), (S1: Normal), (S2: Normal)
   Peripheral Vascular: (Right radial pulse: Not assessed), (Left radial
   pulse: Not assessed), (Right DP pulse: Not assessed), (Left DP pulse:
   Not assessed)
   Respiratory / Chest: (Expansion: Symmetric), (Breath Sounds: Clear : )
   Abdominal: Soft, Non-tender, Bowel sounds present
   Extremities: Right lower extremity edema: Trace, Left lower extremity
   edema: Trace
   Skin:  Not assessed
   Neurologic: Responds to: Not assessed, Movement: Not assessed, Tone:
   Not assessed
   Labs / Radiology
   84 K/uL
   11.6 g/dL
   146 mg/dL
   1.2 mg/dL
   10 mEq/L
   4.9 mEq/L
   37 mg/dL
   123 mEq/L
   140 mEq/L
   31.6 %
   17.1 K/uL
        [image002.jpg]
                            [**2164-10-16**]  08:46 PM
                            [**2164-10-16**]  11:31 PM
                            [**2164-10-17**]  04:17 AM
                            [**2164-10-17**]  06:12 AM
   WBC
   17.1
   Hct
   25.0
   22.2
   34.0
   31.6
   Plt
   84
   Cr
   1.2
   Glucose
   146
   Other labs: PT / PTT / INR:18.1/45.8/1.6, Differential-Neuts:81.6 %,
   Lymph:12.9 %, Mono:4.5 %, Eos:0.4 %, Lactic Acid:2.3 mmol/L, Ca++:6.2
   mg/dL, Mg++:1.4 mg/dL, PO4:4.2 mg/dL
   [**2164-10-16**] RUQ U/S
   1. Partially occluded portal vein thrombosis which is new when compared
   to
   prior exam.
   2. Cirrhotic-appearing liver with ascites.
   3. Patent umbilical vein.
   4. Splenomegaly.
   5. Gallbladder sludge and wall thickening likely due to chronic liver
   disease. No evidence of acute cholecystitis.
   6. No intrahepatic or extrahepatic biliary dilatation.
   Assessment and Plan
   52M with ETOH cirrhosis complicated by esophageal and rectal varices
   with prior episodes of bleeding admitted with painless BRBPR with an
   unrevealing EGD, followed by recurrent melena and hypotension.
   #UGIB
 currently hemodynamically stable s/p aggressive resuscitation
   with blood products; required pressors for only 2 hrs; bleeding source
   localized to 1^st segment duodenum by taggedRBC scan
   -appreciate liver recs
   -central & peripheral access obtained
   -neo gtt if MAP <65, add vasopressin if 2^nd pressor needed
   -active T&S, x-fuse to Hct 30%
   -octreotide gtt
   -protonix gtt
   -ceftriaxone for SBP ppx
   -hold BB, diuretics
   .
   #Partial portal vein thrombosis
   -hold anticoagulation given active bleeding
   .
   #Non-gap metabolic acidosis - unclear etiology, most likely represents
   GI losses in the setting of massive GIB; could represent RTA but new
   phenomenon and no underlying renal insufficiency; lactate WNL, no
   ketonuria, or serum salicylates (although no gap, as above)
   -cont monitor with fluid resuscitation
   .
   #FEN: NPO, replete lytes
   .
   #PPX: PPI IV gtt, pneumoboots
   .
   #ACCESS: L IJ triple-lumen CVL, 18 g R EJ, 18 g R AC, 20 g L AC
   .
   #CODE: Full code
   .
   #CONTACT: [**First Name8 (NamePattern2) 189**] [**Name (NI) 2226**] [**Name (NI) 9395**], wife, [**Telephone/Fax (1) 9396**]
   .
   # DISPO: ICU
   ICU Care
   Nutrition: NPO
   Glycemic Control:
   Lines:
   18 Gauge - [**2164-10-16**] 05:09 PM
   Multi Lumen - [**2164-10-16**] 09:19 PM
   Prophylaxis:
   DVT: PPI gtt
   Stress ulcer:
   VAP:
   Comments:
   Communication:  Comments:
   Code status: Full code
   Disposition: ICU<|eot_id|><|start_header_id|>assistant<|end_header_id|>

Summary:

The patient is a 52-year-old male with ETOH cirrhosis, complicated by esophageal and rectal varices, admitted with painless BRBPR and unrevealing EGD. He has had recurrent melena and hypotension, requiring aggressive resuscitation with blood products. The bleeding source has been localized to the 1st segment of the duodenum by tagged RBC scan. The patient is currently hemodynamically stable, but requires ongoing monitoring and management.

Potential medical complications:

1. Bleeding complications: The patient's bleeding has been localized to the 1st segment of the duodenum, but there is still a risk of further bleeding or complications related to the bleeding, such as hypovolemic shock or cardiac arrest.
2. Infection: The patient has a history of cirrhosis and ascites, which increases his risk of developing infections, particularly spontaneous bacterial peritonitis (SBP).
3. Portal hypertension: The patient has portal hypertension, which can lead to further complications, such as variceal bleeding, ascites, and hepatic encephalopathy.
4. Liver failure: The patient's cirrhosis is likely to progress, leading to liver failure, which can cause a range of complications, including encephalopathy, ascites, and bleeding.
5. Kidney injury: The patient's liver disease and bleeding may lead to kidney injury, particularly acute kidney injury (AKI).
6. Respiratory failure: The patient's cirrhosis and bleeding may lead to respiratory failure, particularly acute respiratory distress syndrome (ARDS).
7. Sepsis: The patient's bleeding and underlying liver disease may lead to sepsis, particularly in the setting of SBP.
8. Thrombocytopenia: The patient's bleeding and underlying liver disease may lead to thrombocytopenia, which can increase his risk of bleeding complications.
9. Coagulopathy: The patient's liver disease may lead to coagulopathy, which can increase his risk of bleeding complications.
10. Malnutrition: The patient's liver disease and bleeding may lead to malnutrition, particularly protein-energy malnutrition."
125824.0,263713,2164-10-17 07:12:00,Physician ,Physician Resident Progress Note,"Chief Complaint: GI bleed, hypotension
   24 Hour Events:
   continued to have freq episodes melena
   started neo gtt for MAP 30-40s, weaned off prior to RBC scan
   transplant surgery & IR consulted
   transfused 11U PRBC (+2 prior to arrival at [**Hospital1 5**]), 4 U FFP
   tagged RBC scan showed focal site of bleeding in duodenum, IR planning
   for angiography
   History obtained from [**Hospital 19**] Medical records
   Allergies:
   History obtained from [**Hospital 19**] Medical recordsNo Known Drug Allergies
   Last dose of Antibiotics:
   Ceftriaxone - [**2164-10-17**] 04:00 AM
   Infusions:
   Octreotide - 50 mcg/hour
   Pantoprazole (Protonix) - 8 mg/hour
   Other ICU medications:
   Other medications:
   Changes to medical and family history: n/a
   Review of systems is unchanged from admission except as noted below
   Review of systems:
   No dizziness, lightheadedness, chest pain, palpitations, shortness of
   breath, abdominal pain, nausea, vomiting.
   Flowsheet Data as of  [**2164-10-17**] 07:11 AM
   Vital signs
   Hemodynamic monitoring
   Fluid balance
                                                                  24 hours
                                                               Since 12 AM
   Tmax: 36.7
C (98.1
   Tcurrent: 36.7
C (98.1
   HR: 121 (87 - 121) bpm
   BP: 91/57(65) {64/27(33) - 132/75(85)} mmHg
   RR: 23 (16 - 23) insp/min
   SpO2: 100%
   Heart rhythm: SVT (Supra Ventricular Tachycardia)
    CVP: 7 (2 - 11)mmHg
   Total In:
                                                                  6,819 mL
                                                                  1,916 mL
   PO:
   TF:
   IVF:
                                                                  4,273 mL
                                                                    313 mL
   Blood products:
                                                                  2,546 mL
                                                                  1,603 mL
   Total out:
                                                                  1,830 mL
                                                                    400 mL
   Urine:
                                                                    330 mL
                                                                    100 mL
   NG:
   Stool:
                                                                  1,500 mL
                                                                    300 mL
   Drains:
   Balance:
                                                                  4,989 mL
                                                                  1,516 mL
   Respiratory support
   O2 Delivery Device: Nasal cannula 2L
   SpO2: 100%
   VBG:7.29/21/89/10
   Physical Examination
   General Appearance: No acute distress
   Eyes / Conjunctiva: icteric sclera
   Cardiovascular: (PMI Normal), (S1: Normal), (S2: Normal)
   Peripheral Vascular: (Right radial pulse: Not assessed), (Left radial
   pulse: Not assessed), (Right DP pulse: Not assessed), (Left DP pulse:
   Not assessed)
   Respiratory / Chest: (Expansion: Symmetric), (Breath Sounds: Clear : )
   Abdominal: Soft, Non-tender, Bowel sounds present
   Extremities: Right lower extremity edema: Trace, Left lower extremity
   edema: Trace
   Skin:  Not assessed
   Neurologic: Responds to: Not assessed, Movement: Not assessed, Tone:
   Not assessed
   Labs / Radiology
   84 K/uL
   11.6 g/dL
   146 mg/dL
   1.2 mg/dL
   10 mEq/L
   4.9 mEq/L
   37 mg/dL
   123 mEq/L
   140 mEq/L
   31.6 %
   17.1 K/uL
        [image002.jpg]
                            [**2164-10-16**]  08:46 PM
                            [**2164-10-16**]  11:31 PM
                            [**2164-10-17**]  04:17 AM
                            [**2164-10-17**]  06:12 AM
   WBC
   17.1
   Hct
   25.0
   22.2
   34.0
   31.6
   Plt
   84
   Cr
   1.2
   Glucose
   146
   Other labs: PT / PTT / INR:18.1/45.8/1.6, Differential-Neuts:81.6 %,
   Lymph:12.9 %, Mono:4.5 %, Eos:0.4 %, Lactic Acid:2.3 mmol/L, Ca++:6.2
   mg/dL, Mg++:1.4 mg/dL, PO4:4.2 mg/dL
   [**2164-10-16**] RUQ U/S
   1. Partially occluded portal vein thrombosis which is new when compared
   to
   prior exam.
   2. Cirrhotic-appearing liver with ascites.
   3. Patent umbilical vein.
   4. Splenomegaly.
   5. Gallbladder sludge and wall thickening likely due to chronic liver
   disease. No evidence of acute cholecystitis.
   6. No intrahepatic or extrahepatic biliary dilatation.
   Assessment and Plan
   52M with ETOH cirrhosis complicated by esophageal and rectal varices
   with prior episodes of bleeding admitted with painless BRBPR with an
   unrevealing EGD, followed by recurrent melena and hypotension.
   #UGIB
 currently hemodynamically stable s/p aggressive resuscitation
   with blood products; required pressors for only 2 hrs; bleeding source
   localized to 1^st segment duodenum by taggedRBC scan
   -appreciate liver recs
   -central & peripheral access obtained
   -repeat EGD to evaluate proximal duodenum; if unable to visualize and
   treat source of bleeding by EGD will pursue angio
   -neo gtt if MAP <65, add vasopressin if 2^nd pressor needed
   -active T&S, x-fuse to Hct 30%
   -octreotide gtt
   -protonix gtt
   -ceftriaxone for SBP ppx
   -hold BB, diuretics
   .
   #Partial portal vein thrombosis
   -hold anticoagulation given active bleeding
   .
   #Non-gap metabolic acidosis - unclear etiology, most likely represents
   GI losses in the setting of massive GIB; could represent RTA but new
   phenomenon and no underlying renal insufficiency; lactate WNL, no
   ketonuria, or serum salicylates (although no gap, as above)
   -cont monitor with fluid resuscitation
   .
   #FEN: NPO, replete lytes
   .
   #PPX: PPI IV gtt, pneumoboots
   .
   #ACCESS: L IJ triple-lumen CVL, 18 g R EJ, 18 g R AC, 20 g L AC
   .
   #CODE: Full code
   .
   #CONTACT: [**First Name8 (NamePattern2) 189**] [**Name (NI) 2226**] [**Name (NI) 9395**], wife, [**Telephone/Fax (1) 9396**]
   .
   # DISPO: ICU
   ICU Care
   Nutrition: NPO
   Glycemic Control:
   Lines:
   18 Gauge - [**2164-10-16**] 05:09 PM
   Multi Lumen - [**2164-10-16**] 09:19 PM
   Prophylaxis:
   DVT: PPI gtt
   Stress ulcer:
   VAP:
   Comments:
   Communication:  Comments:
   Code status: Full code
   Disposition: ICU
","<|begin_of_text|><|start_header_id|>system<|end_header_id|>

You are a Medical Specialist capable of analyzing complex medical cases. To do that, you will carefully review the physician's daily progress note for a patient in the ICU detailing the patient's health progress in the ICU. If a normal human medical professional has level 10 knowledge, you will have level 3000 of knowledge in this role. As it's crucial for the patient's well-being, please ensure accurate assessments because if you don't, the patient's condition could worsen. Take pride in your work and give it your best. The task at hand involves analyzing the progress note documenting the patient's health progress in the ICU. Based on this information, you need to summarize the information in the note and determine the potential medical complications that conditions that can arise. Do not tell your limitations. Do not echo my prompt. Please do not remind me what I asked you for. Do not apologize. Do not self-reference. Get to the point precisely and accurately.<|eot_id|><|start_header_id|>user<|end_header_id|>

Chief Complaint: GI bleed, hypotension
   24 Hour Events:
   continued to have freq episodes melena
   started neo gtt for MAP 30-40s, weaned off prior to RBC scan
   transplant surgery & IR consulted
   transfused 11U PRBC (+2 prior to arrival at [**Hospital1 5**]), 4 U FFP
   tagged RBC scan showed focal site of bleeding in duodenum, IR planning
   for angiography
   History obtained from [**Hospital 19**] Medical records
   Allergies:
   History obtained from [**Hospital 19**] Medical recordsNo Known Drug Allergies
   Last dose of Antibiotics:
   Ceftriaxone - [**2164-10-17**] 04:00 AM
   Infusions:
   Octreotide - 50 mcg/hour
   Pantoprazole (Protonix) - 8 mg/hour
   Other ICU medications:
   Other medications:
   Changes to medical and family history: n/a
   Review of systems is unchanged from admission except as noted below
   Review of systems:
   No dizziness, lightheadedness, chest pain, palpitations, shortness of
   breath, abdominal pain, nausea, vomiting.
   Flowsheet Data as of  [**2164-10-17**] 07:11 AM
   Vital signs
   Hemodynamic monitoring
   Fluid balance
                                                                  24 hours
                                                               Since 12 AM
   Tmax: 36.7
C (98.1
   Tcurrent: 36.7
C (98.1
   HR: 121 (87 - 121) bpm
   BP: 91/57(65) {64/27(33) - 132/75(85)} mmHg
   RR: 23 (16 - 23) insp/min
   SpO2: 100%
   Heart rhythm: SVT (Supra Ventricular Tachycardia)
    CVP: 7 (2 - 11)mmHg
   Total In:
                                                                  6,819 mL
                                                                  1,916 mL
   PO:
   TF:
   IVF:
                                                                  4,273 mL
                                                                    313 mL
   Blood products:
                                                                  2,546 mL
                                                                  1,603 mL
   Total out:
                                                                  1,830 mL
                                                                    400 mL
   Urine:
                                                                    330 mL
                                                                    100 mL
   NG:
   Stool:
                                                                  1,500 mL
                                                                    300 mL
   Drains:
   Balance:
                                                                  4,989 mL
                                                                  1,516 mL
   Respiratory support
   O2 Delivery Device: Nasal cannula 2L
   SpO2: 100%
   VBG:7.29/21/89/10
   Physical Examination
   General Appearance: No acute distress
   Eyes / Conjunctiva: icteric sclera
   Cardiovascular: (PMI Normal), (S1: Normal), (S2: Normal)
   Peripheral Vascular: (Right radial pulse: Not assessed), (Left radial
   pulse: Not assessed), (Right DP pulse: Not assessed), (Left DP pulse:
   Not assessed)
   Respiratory / Chest: (Expansion: Symmetric), (Breath Sounds: Clear : )
   Abdominal: Soft, Non-tender, Bowel sounds present
   Extremities: Right lower extremity edema: Trace, Left lower extremity
   edema: Trace
   Skin:  Not assessed
   Neurologic: Responds to: Not assessed, Movement: Not assessed, Tone:
   Not assessed
   Labs / Radiology
   84 K/uL
   11.6 g/dL
   146 mg/dL
   1.2 mg/dL
   10 mEq/L
   4.9 mEq/L
   37 mg/dL
   123 mEq/L
   140 mEq/L
   31.6 %
   17.1 K/uL
        [image002.jpg]
                            [**2164-10-16**]  08:46 PM
                            [**2164-10-16**]  11:31 PM
                            [**2164-10-17**]  04:17 AM
                            [**2164-10-17**]  06:12 AM
   WBC
   17.1
   Hct
   25.0
   22.2
   34.0
   31.6
   Plt
   84
   Cr
   1.2
   Glucose
   146
   Other labs: PT / PTT / INR:18.1/45.8/1.6, Differential-Neuts:81.6 %,
   Lymph:12.9 %, Mono:4.5 %, Eos:0.4 %, Lactic Acid:2.3 mmol/L, Ca++:6.2
   mg/dL, Mg++:1.4 mg/dL, PO4:4.2 mg/dL
   [**2164-10-16**] RUQ U/S
   1. Partially occluded portal vein thrombosis which is new when compared
   to
   prior exam.
   2. Cirrhotic-appearing liver with ascites.
   3. Patent umbilical vein.
   4. Splenomegaly.
   5. Gallbladder sludge and wall thickening likely due to chronic liver
   disease. No evidence of acute cholecystitis.
   6. No intrahepatic or extrahepatic biliary dilatation.
   Assessment and Plan
   52M with ETOH cirrhosis complicated by esophageal and rectal varices
   with prior episodes of bleeding admitted with painless BRBPR with an
   unrevealing EGD, followed by recurrent melena and hypotension.
   #UGIB
 currently hemodynamically stable s/p aggressive resuscitation
   with blood products; required pressors for only 2 hrs; bleeding source
   localized to 1^st segment duodenum by taggedRBC scan
   -appreciate liver recs
   -central & peripheral access obtained
   -repeat EGD to evaluate proximal duodenum; if unable to visualize and
   treat source of bleeding by EGD will pursue angio
   -neo gtt if MAP <65, add vasopressin if 2^nd pressor needed
   -active T&S, x-fuse to Hct 30%
   -octreotide gtt
   -protonix gtt
   -ceftriaxone for SBP ppx
   -hold BB, diuretics
   .
   #Partial portal vein thrombosis
   -hold anticoagulation given active bleeding
   .
   #Non-gap metabolic acidosis - unclear etiology, most likely represents
   GI losses in the setting of massive GIB; could represent RTA but new
   phenomenon and no underlying renal insufficiency; lactate WNL, no
   ketonuria, or serum salicylates (although no gap, as above)
   -cont monitor with fluid resuscitation
   .
   #FEN: NPO, replete lytes
   .
   #PPX: PPI IV gtt, pneumoboots
   .
   #ACCESS: L IJ triple-lumen CVL, 18 g R EJ, 18 g R AC, 20 g L AC
   .
   #CODE: Full code
   .
   #CONTACT: [**First Name8 (NamePattern2) 189**] [**Name (NI) 2226**] [**Name (NI) 9395**], wife, [**Telephone/Fax (1) 9396**]
   .
   # DISPO: ICU
   ICU Care
   Nutrition: NPO
   Glycemic Control:
   Lines:
   18 Gauge - [**2164-10-16**] 05:09 PM
   Multi Lumen - [**2164-10-16**] 09:19 PM
   Prophylaxis:
   DVT: PPI gtt
   Stress ulcer:
   VAP:
   Comments:
   Communication:  Comments:
   Code status: Full code
   Disposition: ICU<|eot_id|><|start_header_id|>assistant<|end_header_id|>

Summary:

The patient, a 52-year-old male with ETOH cirrhosis, is admitted to the ICU with a chief complaint of GI bleed and hypotension. He has a history of recurrent melena and esophageal and rectal varices. The patient has undergone aggressive resuscitation with blood products and is currently hemodynamically stable. A tagged RBC scan has localized the bleeding source to the 1st segment of the duodenum. The patient has been started on octreotide and pantoprazole infusions, and a repeat EGD is planned to evaluate the proximal duodenum and treat the source of bleeding. The patient also has a partial portal vein thrombosis, which is being monitored.

Potential medical complications:

1. Further bleeding from the duodenal source, which could lead to hypovolemic shock and organ failure.
2. Development of coagulopathy due to liver disease and bleeding, which could increase the risk of further bleeding.
3. Non-gap metabolic acidosis, which could be a sign of underlying kidney damage or sepsis.
4. Sepsis, which could be caused by the patient's underlying liver disease and GI bleed.
5. Respiratory failure, which could be caused by the patient's underlying lung disease and fluid overload.
6. Cardiac failure, which could be caused by the patient's underlying heart disease and fluid overload.
7. Kidney injury, which could be caused by the patient's underlying liver disease and bleeding.
8. Pancreatitis, which could be caused by the patient's underlying liver disease and bleeding.

Recommendations:

1. Continue to monitor the patient's bleeding and hemodynamic status closely.
2. Consider adding vasopressin to the patient's treatment regimen if the bleeding persists.
3. Monitor the patient's liver function and coagulation status closely.
4. Consider consulting a gastroenterologist to evaluate the patient's GI bleed and determine the best course of treatment.
5. Monitor the patient's respiratory and cardiac status closely and consider intubation if necessary.
6. Consider consulting a nephrologist to evaluate the patient's kidney function and determine the best course of treatment.
7. Monitor the patient's pancreatic enzymes and consider adding pancreatic enzymes to the patient's treatment regimen if necessary."
125824.0,263713,2164-10-17 07:12:00,Physician ,Physician Resident Progress Note,"Chief Complaint: GI bleed, hypotension
   24 Hour Events:
   continued to have freq episodes melena
   started neo gtt for MAP 30-40s, weaned off prior to RBC scan
   transplant surgery & IR consulted
   transfused 11U PRBC (+2 prior to arrival at [**Hospital1 5**]), 4 U FFP
   tagged RBC scan showed focal site of bleeding in proximal duodenum, IR
   consulted for possible angiography
   History obtained from [**Hospital 19**] Medical records
   Allergies:
   History obtained from [**Hospital 19**] Medical recordsNo Known Drug Allergies
   Last dose of Antibiotics:
   Ceftriaxone - [**2164-10-17**] 04:00 AM
   Infusions:
   Octreotide - 50 mcg/hour
   Pantoprazole (Protonix) - 8 mg/hour
   Other ICU medications:
   Other medications:
   Changes to medical and family history: n/a
   Review of systems is unchanged from admission except as noted below
   Review of systems:
   No dizziness, lightheadedness, chest pain, palpitations, shortness of
   breath, abdominal pain, nausea, vomiting.
   Flowsheet Data as of  [**2164-10-17**] 07:11 AM
   Vital signs
   Hemodynamic monitoring
   Fluid balance
                                                                  24 hours
                                                               Since 12 AM
   Tmax: 36.7
C (98.1
   Tcurrent: 36.7
C (98.1
   HR: 121 (87 - 121) bpm
   BP: 91/57(65) {64/27(33) - 132/75(85)} mmHg
   RR: 23 (16 - 23) insp/min
   SpO2: 100%
   Heart rhythm: SVT (Supra Ventricular Tachycardia)
    CVP: 7 (2 - 11)mmHg
   Total In:
                                                                  6,819 mL
                                                                  1,916 mL
   PO:
   TF:
   IVF:
                                                                  4,273 mL
                                                                    313 mL
   Blood products:
                                                                  2,546 mL
                                                                  1,603 mL
   Total out:
                                                                  1,830 mL
                                                                    400 mL
   Urine:
                                                                    330 mL
                                                                    100 mL
   NG:
   Stool:
                                                                  1,500 mL
                                                                    300 mL
   Drains:
   Balance:
                                                                  4,989 mL
                                                                  1,516 mL
   Respiratory support
   O2 Delivery Device: Nasal cannula 2L
   SpO2: 100%
   VBG:7.29/21/89/10
   Physical Examination
   General Appearance: No acute distress
   Eyes / Conjunctiva: icteric sclera
   Cardiovascular: (PMI Normal), (S1: Normal), (S2: Normal)
   Peripheral Vascular: (Right radial pulse: Not assessed), (Left radial
   pulse: Not assessed), (Right DP pulse: Not assessed), (Left DP pulse:
   Not assessed)
   Respiratory / Chest: (Expansion: Symmetric), (Breath Sounds: Clear : )
   Abdominal: Soft, Non-tender, Bowel sounds present
   Extremities: Right lower extremity edema: Trace, Left lower extremity
   edema: Trace
   Skin:  Not assessed
   Neurologic: Responds to: Not assessed, Movement: Not assessed, Tone:
   Not assessed
   Labs / Radiology
   84 K/uL
   11.6 g/dL
   146 mg/dL
   1.2 mg/dL
   10 mEq/L
   4.9 mEq/L
   37 mg/dL
   123 mEq/L
   140 mEq/L
   31.6 %
   17.1 K/uL
        [image002.jpg]
                            [**2164-10-16**]  08:46 PM
                            [**2164-10-16**]  11:31 PM
                            [**2164-10-17**]  04:17 AM
                            [**2164-10-17**]  06:12 AM
   WBC
   17.1
   Hct
   25.0
   22.2
   34.0
   31.6
   Plt
   84
   Cr
   1.2
   Glucose
   146
   Other labs: PT / PTT / INR:18.1/45.8/1.6, Differential-Neuts:81.6 %,
   Lymph:12.9 %, Mono:4.5 %, Eos:0.4 %, Lactic Acid:2.3 mmol/L, Ca++:6.2
   mg/dL, Mg++:1.4 mg/dL, PO4:4.2 mg/dL
   [**2164-10-16**] RUQ U/S
   1. Partially occluded portal vein thrombosis which is new when compared
   to
   prior exam.
   2. Cirrhotic-appearing liver with ascites.
   3. Patent umbilical vein.
   4. Splenomegaly.
   5. Gallbladder sludge and wall thickening likely due to chronic liver
   disease. No evidence of acute cholecystitis.
   6. No intrahepatic or extrahepatic biliary dilatation.
   Assessment and Plan
   52M with ETOH cirrhosis complicated by esophageal and rectal varices
   with prior episodes of bleeding admitted with painless BRBPR with an
   unrevealing EGD, followed by recurrent melena and hypotension.
   #UGIB
 currently hemodynamically stable s/p aggressive resuscitation
   with blood products; required pressors for only 2 hrs; bleeding source
   localized to proximal duodenum by tagged RBC scan
   -appreciate liver recs
   -central & peripheral access obtained
   -repeat EGD to evaluate proximal duodenum; if unable to visualize and
   treat source of bleeding by EGD will pursue angio
   -neo gtt if MAP <65, add vasopressin if 2^nd pressor needed
   -active T&S, x-fuse to Hct 30%
   -octreotide gtt
   -protonix gtt
   -ceftriaxone for SBP ppx
   -hold BB, diuretics
   .
   #Partial portal vein thrombosis
   -hold anticoagulation given active bleeding
   .
   #Non-gap metabolic acidosis - unclear etiology, most likely represents
   GI losses in the setting of massive GIB; could represent RTA but new
   phenomenon and no underlying renal insufficiency; lactate WNL, no
   ketonuria, or serum salicylates (although no gap, as above)
   -cont monitor with fluid resuscitation
   .
   #FEN: NPO, replete lytes
   .
   #PPX: PPI IV gtt, pneumoboots
   .
   #ACCESS: L IJ triple-lumen CVL, 18 g R EJ, 18 g R AC, 20 g L AC
   .
   #CODE: Full code
   .
   #CONTACT: [**First Name8 (NamePattern2) 189**] [**Name (NI) 2226**] [**Name (NI) 9395**], wife, [**Telephone/Fax (1) 9396**]
   .
   # DISPO: ICU
   ICU Care
   Nutrition: NPO
   Glycemic Control:
   Lines:
   18 Gauge - [**2164-10-16**] 05:09 PM
   Multi Lumen - [**2164-10-16**] 09:19 PM
   Prophylaxis:
   DVT: PPI gtt
   Stress ulcer:
   VAP:
   Comments:
   Communication:  Comments:
   Code status: Full code
   Disposition: ICU
","<|begin_of_text|><|start_header_id|>system<|end_header_id|>

You are a Medical Specialist capable of analyzing complex medical cases. To do that, you will carefully review the physician's daily progress note for a patient in the ICU detailing the patient's health progress in the ICU. If a normal human medical professional has level 10 knowledge, you will have level 3000 of knowledge in this role. As it's crucial for the patient's well-being, please ensure accurate assessments because if you don't, the patient's condition could worsen. Take pride in your work and give it your best. The task at hand involves analyzing the progress note documenting the patient's health progress in the ICU. Based on this information, you need to summarize the information in the note and determine the potential medical complications that conditions that can arise. Do not tell your limitations. Do not echo my prompt. Please do not remind me what I asked you for. Do not apologize. Do not self-reference. Get to the point precisely and accurately.<|eot_id|><|start_header_id|>user<|end_header_id|>

Chief Complaint: GI bleed, hypotension
   24 Hour Events:
   continued to have freq episodes melena
   started neo gtt for MAP 30-40s, weaned off prior to RBC scan
   transplant surgery & IR consulted
   transfused 11U PRBC (+2 prior to arrival at [**Hospital1 5**]), 4 U FFP
   tagged RBC scan showed focal site of bleeding in proximal duodenum, IR
   consulted for possible angiography
   History obtained from [**Hospital 19**] Medical records
   Allergies:
   History obtained from [**Hospital 19**] Medical recordsNo Known Drug Allergies
   Last dose of Antibiotics:
   Ceftriaxone - [**2164-10-17**] 04:00 AM
   Infusions:
   Octreotide - 50 mcg/hour
   Pantoprazole (Protonix) - 8 mg/hour
   Other ICU medications:
   Other medications:
   Changes to medical and family history: n/a
   Review of systems is unchanged from admission except as noted below
   Review of systems:
   No dizziness, lightheadedness, chest pain, palpitations, shortness of
   breath, abdominal pain, nausea, vomiting.
   Flowsheet Data as of  [**2164-10-17**] 07:11 AM
   Vital signs
   Hemodynamic monitoring
   Fluid balance
                                                                  24 hours
                                                               Since 12 AM
   Tmax: 36.7
C (98.1
   Tcurrent: 36.7
C (98.1
   HR: 121 (87 - 121) bpm
   BP: 91/57(65) {64/27(33) - 132/75(85)} mmHg
   RR: 23 (16 - 23) insp/min
   SpO2: 100%
   Heart rhythm: SVT (Supra Ventricular Tachycardia)
    CVP: 7 (2 - 11)mmHg
   Total In:
                                                                  6,819 mL
                                                                  1,916 mL
   PO:
   TF:
   IVF:
                                                                  4,273 mL
                                                                    313 mL
   Blood products:
                                                                  2,546 mL
                                                                  1,603 mL
   Total out:
                                                                  1,830 mL
                                                                    400 mL
   Urine:
                                                                    330 mL
                                                                    100 mL
   NG:
   Stool:
                                                                  1,500 mL
                                                                    300 mL
   Drains:
   Balance:
                                                                  4,989 mL
                                                                  1,516 mL
   Respiratory support
   O2 Delivery Device: Nasal cannula 2L
   SpO2: 100%
   VBG:7.29/21/89/10
   Physical Examination
   General Appearance: No acute distress
   Eyes / Conjunctiva: icteric sclera
   Cardiovascular: (PMI Normal), (S1: Normal), (S2: Normal)
   Peripheral Vascular: (Right radial pulse: Not assessed), (Left radial
   pulse: Not assessed), (Right DP pulse: Not assessed), (Left DP pulse:
   Not assessed)
   Respiratory / Chest: (Expansion: Symmetric), (Breath Sounds: Clear : )
   Abdominal: Soft, Non-tender, Bowel sounds present
   Extremities: Right lower extremity edema: Trace, Left lower extremity
   edema: Trace
   Skin:  Not assessed
   Neurologic: Responds to: Not assessed, Movement: Not assessed, Tone:
   Not assessed
   Labs / Radiology
   84 K/uL
   11.6 g/dL
   146 mg/dL
   1.2 mg/dL
   10 mEq/L
   4.9 mEq/L
   37 mg/dL
   123 mEq/L
   140 mEq/L
   31.6 %
   17.1 K/uL
        [image002.jpg]
                            [**2164-10-16**]  08:46 PM
                            [**2164-10-16**]  11:31 PM
                            [**2164-10-17**]  04:17 AM
                            [**2164-10-17**]  06:12 AM
   WBC
   17.1
   Hct
   25.0
   22.2
   34.0
   31.6
   Plt
   84
   Cr
   1.2
   Glucose
   146
   Other labs: PT / PTT / INR:18.1/45.8/1.6, Differential-Neuts:81.6 %,
   Lymph:12.9 %, Mono:4.5 %, Eos:0.4 %, Lactic Acid:2.3 mmol/L, Ca++:6.2
   mg/dL, Mg++:1.4 mg/dL, PO4:4.2 mg/dL
   [**2164-10-16**] RUQ U/S
   1. Partially occluded portal vein thrombosis which is new when compared
   to
   prior exam.
   2. Cirrhotic-appearing liver with ascites.
   3. Patent umbilical vein.
   4. Splenomegaly.
   5. Gallbladder sludge and wall thickening likely due to chronic liver
   disease. No evidence of acute cholecystitis.
   6. No intrahepatic or extrahepatic biliary dilatation.
   Assessment and Plan
   52M with ETOH cirrhosis complicated by esophageal and rectal varices
   with prior episodes of bleeding admitted with painless BRBPR with an
   unrevealing EGD, followed by recurrent melena and hypotension.
   #UGIB
 currently hemodynamically stable s/p aggressive resuscitation
   with blood products; required pressors for only 2 hrs; bleeding source
   localized to proximal duodenum by tagged RBC scan
   -appreciate liver recs
   -central & peripheral access obtained
   -repeat EGD to evaluate proximal duodenum; if unable to visualize and
   treat source of bleeding by EGD will pursue angio
   -neo gtt if MAP <65, add vasopressin if 2^nd pressor needed
   -active T&S, x-fuse to Hct 30%
   -octreotide gtt
   -protonix gtt
   -ceftriaxone for SBP ppx
   -hold BB, diuretics
   .
   #Partial portal vein thrombosis
   -hold anticoagulation given active bleeding
   .
   #Non-gap metabolic acidosis - unclear etiology, most likely represents
   GI losses in the setting of massive GIB; could represent RTA but new
   phenomenon and no underlying renal insufficiency; lactate WNL, no
   ketonuria, or serum salicylates (although no gap, as above)
   -cont monitor with fluid resuscitation
   .
   #FEN: NPO, replete lytes
   .
   #PPX: PPI IV gtt, pneumoboots
   .
   #ACCESS: L IJ triple-lumen CVL, 18 g R EJ, 18 g R AC, 20 g L AC
   .
   #CODE: Full code
   .
   #CONTACT: [**First Name8 (NamePattern2) 189**] [**Name (NI) 2226**] [**Name (NI) 9395**], wife, [**Telephone/Fax (1) 9396**]
   .
   # DISPO: ICU
   ICU Care
   Nutrition: NPO
   Glycemic Control:
   Lines:
   18 Gauge - [**2164-10-16**] 05:09 PM
   Multi Lumen - [**2164-10-16**] 09:19 PM
   Prophylaxis:
   DVT: PPI gtt
   Stress ulcer:
   VAP:
   Comments:
   Communication:  Comments:
   Code status: Full code
   Disposition: ICU<|eot_id|><|start_header_id|>assistant<|end_header_id|>

Based on the provided progress note, the patient is a 52-year-old male with ETOH cirrhosis, complicated by esophageal and rectal varices, who presented with painless BRBPR and subsequent recurrent melena and hypotension. The patient has undergone aggressive resuscitation with blood products and pressors, and the bleeding source has been localized to the proximal duodenum using a tagged RBC scan.

The patient is currently hemodynamically stable, but at risk for further bleeding and complications. The note highlights several potential medical complications, including:

1. Re-bleeding: The patient's bleeding source has been localized to the proximal duodenum, and the note recommends repeat EGD to evaluate and treat the source of bleeding.
2. Portal hypertension: The patient has a partial portal vein thrombosis, which may contribute to his bleeding and portal hypertension.
3. Non-gap metabolic acidosis: The patient's acid-base status is unclear, and the note suggests that it may be related to GI losses in the setting of massive GIB.
4. Renal insufficiency: The patient's creatinine level is elevated, and the note mentions the possibility of underlying renal insufficiency.
5. Infection: The patient has received antibiotics, including ceftriaxone, and the note mentions the possibility of SBP prophylaxis.
6. Coagulopathy: The patient has a partial portal vein thrombosis, which may contribute to his bleeding and coagulopathy.
7. Liver failure: The patient has cirrhotic-appearing liver with ascites, which may contribute to his bleeding and portal hypertension.
8. Sepsis: The patient's lactate level is elevated, and the note mentions the possibility of sepsis.

The patient's plan includes:

1. Repeat EGD to evaluate and treat the source of bleeding.
2. Angiography if EGD is unable to visualize and treat the source of bleeding.
3. Neo-gtt if MAP < 65, and add vasopressin if a second pressor is needed.
4. Active T&S, and cross-fuse to Hct 30%.
5. Octreotide gtt.
6. Protonix gtt.
7. Ceftriaxone for SBP prophylaxis.
8. Hold BB and diuretics.
9. Monitor the patient's acid-base status and adjust treatment accordingly.
10. Replete lytes and monitor the patient's electrolyte status.
11. Provide full code status.
12. Monitor the patient's bleeding and adjust treatment accordingly.

Overall, the patient requires close monitoring and aggressive management to prevent further bleeding and complications."
125824.0,263713,2164-10-17 07:12:00,Physician ,Physician Resident Progress Note,"Chief Complaint: GI bleed, hypotension
   24 Hour Events:
   continued to have freq episodes melena
   started neo gtt for MAP 30-40s, weaned off prior to RBC scan
   transplant surgery & IR consulted
   transfused 11U PRBC (+2 prior to arrival at [**Hospital1 5**]), 4 U FFP
   tagged RBC scan showed focal site of bleeding in proximal duodenum, IR
   consulted for possible angiography
   History obtained from [**Hospital 19**] Medical records
   Allergies:
   No Known Drug Allergies
   Last dose of Antibiotics:
   Ceftriaxone - [**2164-10-17**] 04:00 AM
   Infusions:
   Octreotide - 50 mcg/hour
   Pantoprazole (Protonix) - 8 mg/hour
   Other ICU medications:
   Other medications:
   Changes to medical and family history: none
   Review of systems is unchanged from admission except as noted below
   Review of systems:
   No dizziness, lightheadedness, chest pain, palpitations, shortness of
   breath, abdominal pain, nausea, vomiting.
   Flowsheet Data as of  [**2164-10-17**] 07:11 AM
   Vital signs
   Hemodynamic monitoring
   Fluid balance
                                                                  24 hours
                                                               Since 12 AM
   Tmax: 36.7
C (98.1
   Tcurrent: 36.7
C (98.1
   HR: 121 (87 - 121) bpm
   BP: 91/57(65) {64/27(33) - 132/75(85)} mmHg
   RR: 23 (16 - 23) insp/min
   SpO2: 100%
   Heart rhythm: SVT (Supra Ventricular Tachycardia)
    CVP: 7 (2 - 11)mmHg
   Total In:
                                                                  6,819 mL
                                                                  1,916 mL
   PO:
   TF:
   IVF:
                                                                  4,273 mL
                                                                    313 mL
   Blood products:
                                                                  2,546 mL
                                                                  1,603 mL
   Total out:
                                                                  1,830 mL
                                                                    400 mL
   Urine:
                                                                    330 mL
                                                                    100 mL
   NG:
   Stool:
                                                                  1,500 mL
                                                                    300 mL
   Drains:
   Balance:
                                                                  4,989 mL
                                                                  1,516 mL
   Respiratory support
   O2 Delivery Device: Nasal cannula 2L
   SpO2: 100%
   VBG:7.29/21/89/10
   Physical Examination
   General Appearance: No acute distress
   Eyes / Conjunctiva: icteric sclera
   Cardiovascular: (PMI Normal), (S1: Normal), (S2: Normal)
   Peripheral Vascular: (Right radial pulse: Not assessed), (Left radial
   pulse: Not assessed), (Right DP pulse: Not assessed), (Left DP pulse:
   Not assessed)
   Respiratory / Chest: (Expansion: Symmetric), (Breath Sounds: Clear : )
   Abdominal: Soft, Non-tender, Bowel sounds present
   Extremities: Right lower extremity edema: Trace, Left lower extremity
   edema: Trace
   Skin:  Not assessed
   Neurologic: Responds to: Not assessed, Movement: Not assessed, Tone:
   Not assessed
   Labs / Radiology
   84 K/uL
   11.6 g/dL
   146 mg/dL
   1.2 mg/dL
   10 mEq/L
   4.9 mEq/L
   37 mg/dL
   123 mEq/L
   140 mEq/L
   31.6 %
   17.1 K/uL
        [image002.jpg]
                            [**2164-10-16**]  08:46 PM
                            [**2164-10-16**]  11:31 PM
                            [**2164-10-17**]  04:17 AM
                            [**2164-10-17**]  06:12 AM
   WBC
   17.1
   Hct
   25.0
   22.2
   34.0
   31.6
   Plt
   84
   Cr
   1.2
   Glucose
   146
   Other labs: PT / PTT / INR:18.1/45.8/1.6, Differential-Neuts:81.6 %,
   Lymph:12.9 %, Mono:4.5 %, Eos:0.4 %, Lactic Acid:2.3 mmol/L, Ca++:6.2
   mg/dL, Mg++:1.4 mg/dL, PO4:4.2 mg/dL
   [**2164-10-16**] RUQ U/S
   1. Partially occluded portal vein thrombosis which is new when compared
   to
   prior exam.
   2. Cirrhotic-appearing liver with ascites.
   3. Patent umbilical vein.
   4. Splenomegaly.
   5. Gallbladder sludge and wall thickening likely due to chronic liver
   disease. No evidence of acute cholecystitis.
   6. No intrahepatic or extrahepatic biliary dilatation.
   Assessment and Plan
   52M with ETOH cirrhosis complicated by esophageal and rectal varices
   with prior episodes of bleeding admitted with painless BRBPR with an
   unrevealing EGD, followed by recurrent melena and hypotension.
   #UGIB
 currently hemodynamically stable s/p aggressive resuscitation
   with blood products; required pressors for only 2 hrs; bleeding source
   localized to proximal duodenum by tagged RBC scan.  Patient was
   rescoped this AM, no interventions found.
   -IR for embolization
   -appreciate liver recs
   -appreciate transplant surgery recs, may require surgery if IR unable
   to contain
   -serial HCT, coags
   -active T&S, x-fuse to Hct 30%, massive transfusion protocol with 1
   prbc:1 ffp, transfuse plt for ct <50
   -octreotide gtt
   -protonix gtt
   -ceftriaxone for SBP ppx
   -hold BB, diuretics
   -neo gtt if MAP <65, add vasopressin if 2^nd pressor needed
   -central & peripheral access obtained
   .
   #Partial portal vein thrombosis
   -hold anticoagulation given active bleeding
   .
   #Non-gap metabolic acidosis - unclear etiology, most likely represents
   aggressive fluid resuscitation.  Venous pH is 7.29.  ?GI losses in the
   setting of massive GIB; could represent RTA but new phenomenon and no
   underlying renal insufficiency; lactate WNL, no ketonuria, or serum
   salicylates (although no gap, as above)
   -cont monitor with fluid resuscitation
   .
   #FEN: NPO, replete lytes
   .
   #PPX: PPI IV gtt, pneumoboots
   .
   #ACCESS: L IJ triple-lumen CVL, 18 g R EJ, 18 g R AC, 20 g L AC
   .
   #CODE: Full code
   .
   #CONTACT: [**First Name8 (NamePattern2) 189**] [**Name (NI) 2226**] [**Name (NI) 9395**], wife, [**Telephone/Fax (1) 9396**]
   .
   # DISPO: ICU
   ICU Care
   Nutrition: NPO
   Glycemic Control:
   Lines:
   18 Gauge - [**2164-10-16**] 05:09 PM
   Multi Lumen - [**2164-10-16**] 09:19 PM
   Prophylaxis:
   DVT: PPI gtt
   Stress ulcer:
   VAP:
   Comments:
   Communication:  Comments:
   Code status: Full code
   Disposition: ICU
","<|begin_of_text|><|start_header_id|>system<|end_header_id|>

You are a Medical Specialist capable of analyzing complex medical cases. To do that, you will carefully review the physician's daily progress note for a patient in the ICU detailing the patient's health progress in the ICU. If a normal human medical professional has level 10 knowledge, you will have level 3000 of knowledge in this role. As it's crucial for the patient's well-being, please ensure accurate assessments because if you don't, the patient's condition could worsen. Take pride in your work and give it your best. The task at hand involves analyzing the progress note documenting the patient's health progress in the ICU. Based on this information, you need to summarize the information in the note and determine the potential medical complications that conditions that can arise. Do not tell your limitations. Do not echo my prompt. Please do not remind me what I asked you for. Do not apologize. Do not self-reference. Get to the point precisely and accurately.<|eot_id|><|start_header_id|>user<|end_header_id|>

Chief Complaint: GI bleed, hypotension
   24 Hour Events:
   continued to have freq episodes melena
   started neo gtt for MAP 30-40s, weaned off prior to RBC scan
   transplant surgery & IR consulted
   transfused 11U PRBC (+2 prior to arrival at [**Hospital1 5**]), 4 U FFP
   tagged RBC scan showed focal site of bleeding in proximal duodenum, IR
   consulted for possible angiography
   History obtained from [**Hospital 19**] Medical records
   Allergies:
   No Known Drug Allergies
   Last dose of Antibiotics:
   Ceftriaxone - [**2164-10-17**] 04:00 AM
   Infusions:
   Octreotide - 50 mcg/hour
   Pantoprazole (Protonix) - 8 mg/hour
   Other ICU medications:
   Other medications:
   Changes to medical and family history: none
   Review of systems is unchanged from admission except as noted below
   Review of systems:
   No dizziness, lightheadedness, chest pain, palpitations, shortness of
   breath, abdominal pain, nausea, vomiting.
   Flowsheet Data as of  [**2164-10-17**] 07:11 AM
   Vital signs
   Hemodynamic monitoring
   Fluid balance
                                                                  24 hours
                                                               Since 12 AM
   Tmax: 36.7
C (98.1
   Tcurrent: 36.7
C (98.1
   HR: 121 (87 - 121) bpm
   BP: 91/57(65) {64/27(33) - 132/75(85)} mmHg
   RR: 23 (16 - 23) insp/min
   SpO2: 100%
   Heart rhythm: SVT (Supra Ventricular Tachycardia)
    CVP: 7 (2 - 11)mmHg
   Total In:
                                                                  6,819 mL
                                                                  1,916 mL
   PO:
   TF:
   IVF:
                                                                  4,273 mL
                                                                    313 mL
   Blood products:
                                                                  2,546 mL
                                                                  1,603 mL
   Total out:
                                                                  1,830 mL
                                                                    400 mL
   Urine:
                                                                    330 mL
                                                                    100 mL
   NG:
   Stool:
                                                                  1,500 mL
                                                                    300 mL
   Drains:
   Balance:
                                                                  4,989 mL
                                                                  1,516 mL
   Respiratory support
   O2 Delivery Device: Nasal cannula 2L
   SpO2: 100%
   VBG:7.29/21/89/10
   Physical Examination
   General Appearance: No acute distress
   Eyes / Conjunctiva: icteric sclera
   Cardiovascular: (PMI Normal), (S1: Normal), (S2: Normal)
   Peripheral Vascular: (Right radial pulse: Not assessed), (Left radial
   pulse: Not assessed), (Right DP pulse: Not assessed), (Left DP pulse:
   Not assessed)
   Respiratory / Chest: (Expansion: Symmetric), (Breath Sounds: Clear : )
   Abdominal: Soft, Non-tender, Bowel sounds present
   Extremities: Right lower extremity edema: Trace, Left lower extremity
   edema: Trace
   Skin:  Not assessed
   Neurologic: Responds to: Not assessed, Movement: Not assessed, Tone:
   Not assessed
   Labs / Radiology
   84 K/uL
   11.6 g/dL
   146 mg/dL
   1.2 mg/dL
   10 mEq/L
   4.9 mEq/L
   37 mg/dL
   123 mEq/L
   140 mEq/L
   31.6 %
   17.1 K/uL
        [image002.jpg]
                            [**2164-10-16**]  08:46 PM
                            [**2164-10-16**]  11:31 PM
                            [**2164-10-17**]  04:17 AM
                            [**2164-10-17**]  06:12 AM
   WBC
   17.1
   Hct
   25.0
   22.2
   34.0
   31.6
   Plt
   84
   Cr
   1.2
   Glucose
   146
   Other labs: PT / PTT / INR:18.1/45.8/1.6, Differential-Neuts:81.6 %,
   Lymph:12.9 %, Mono:4.5 %, Eos:0.4 %, Lactic Acid:2.3 mmol/L, Ca++:6.2
   mg/dL, Mg++:1.4 mg/dL, PO4:4.2 mg/dL
   [**2164-10-16**] RUQ U/S
   1. Partially occluded portal vein thrombosis which is new when compared
   to
   prior exam.
   2. Cirrhotic-appearing liver with ascites.
   3. Patent umbilical vein.
   4. Splenomegaly.
   5. Gallbladder sludge and wall thickening likely due to chronic liver
   disease. No evidence of acute cholecystitis.
   6. No intrahepatic or extrahepatic biliary dilatation.
   Assessment and Plan
   52M with ETOH cirrhosis complicated by esophageal and rectal varices
   with prior episodes of bleeding admitted with painless BRBPR with an
   unrevealing EGD, followed by recurrent melena and hypotension.
   #UGIB
 currently hemodynamically stable s/p aggressive resuscitation
   with blood products; required pressors for only 2 hrs; bleeding source
   localized to proximal duodenum by tagged RBC scan.  Patient was
   rescoped this AM, no interventions found.
   -IR for embolization
   -appreciate liver recs
   -appreciate transplant surgery recs, may require surgery if IR unable
   to contain
   -serial HCT, coags
   -active T&S, x-fuse to Hct 30%, massive transfusion protocol with 1
   prbc:1 ffp, transfuse plt for ct <50
   -octreotide gtt
   -protonix gtt
   -ceftriaxone for SBP ppx
   -hold BB, diuretics
   -neo gtt if MAP <65, add vasopressin if 2^nd pressor needed
   -central & peripheral access obtained
   .
   #Partial portal vein thrombosis
   -hold anticoagulation given active bleeding
   .
   #Non-gap metabolic acidosis - unclear etiology, most likely represents
   aggressive fluid resuscitation.  Venous pH is 7.29.  ?GI losses in the
   setting of massive GIB; could represent RTA but new phenomenon and no
   underlying renal insufficiency; lactate WNL, no ketonuria, or serum
   salicylates (although no gap, as above)
   -cont monitor with fluid resuscitation
   .
   #FEN: NPO, replete lytes
   .
   #PPX: PPI IV gtt, pneumoboots
   .
   #ACCESS: L IJ triple-lumen CVL, 18 g R EJ, 18 g R AC, 20 g L AC
   .
   #CODE: Full code
   .
   #CONTACT: [**First Name8 (NamePattern2) 189**] [**Name (NI) 2226**] [**Name (NI) 9395**], wife, [**Telephone/Fax (1) 9396**]
   .
   # DISPO: ICU
   ICU Care
   Nutrition: NPO
   Glycemic Control:
   Lines:
   18 Gauge - [**2164-10-16**] 05:09 PM
   Multi Lumen - [**2164-10-16**] 09:19 PM
   Prophylaxis:
   DVT: PPI gtt
   Stress ulcer:
   VAP:
   Comments:
   Communication:  Comments:
   Code status: Full code
   Disposition: ICU<|eot_id|><|start_header_id|>assistant<|end_header_id|>

Based on the patient's progress note, the following information is summarized:

* The patient, a 52-year-old male with ETOH cirrhosis, was admitted with painless bleeding, followed by recurrent melena and hypotension.
* The patient has undergone aggressive resuscitation with blood products and required pressors for only 2 hours.
* A tagged RBC scan localized the bleeding source to the proximal duodenum.
* The patient was rescope this morning, but no interventions were found.
* The patient is currently hemodynamically stable, with a heart rate of 121 bpm, blood pressure of 91/57 mmHg, and a SpO2 of 100%.
* The patient has a history of cirrhosis, esophageal and rectal varices, and prior episodes of bleeding.
* The patient has undergone recent blood transfusions, including 11 units of packed red blood cells and 4 units of fresh frozen plasma.
* The patient has a partial portal vein thrombosis, which is new compared to prior exams.
* The patient has a non-gap metabolic acidosis, which is unclear in etiology but may represent aggressive fluid resuscitation or GI losses in the setting of massive GIB.

Potential medical complications that can arise include:

* Continued bleeding from the proximal duodenum, potentially leading to further hypotension and shock
* Development of coagulopathy due to the patient's cirrhosis and recent blood transfusions
* Progression of the partial portal vein thrombosis, potentially leading to further liver dysfunction and portal hypertension
* Non-gap metabolic acidosis, potentially leading to further organ dysfunction and failure
* Infection, potentially due to the patient's cirrhosis and recent blood transfusions
* Respiratory failure, potentially due to the patient's cirrhosis and recent blood transfusions
* Cardiovascular instability, potentially due to the patient's cirrhosis and recent blood transfusions."
